$ANSIBLE_VAULT;1.1;AES256
65623633316632373332346132653761306239663832616331663837646137656236666631666162
6133396165646638666639306166393737393361323136300a316635393463373031613966626666
30383731333030316333383135643464353634633534333237343239366530356233323637376333
6334383538356438620a316434396465396136633661326630633432663364626336623164356566
64366238363339313435306235343337343635663862313164363735346432303261383039353733
61303831363061396332646133326235653933636265313665346664623536303138386361666662
65336166323038643862626463623034366132396263313662663266393565303536386165373333
39613733653533646665356365666462306662323361346534386561303064346331666531666332
62336664303639376562393164396564393636316234643661316635616336303763333062323539
32646137316230333135653132616136313530623438306333643932616363323066306233396561
39386363646435356664323832663034373663336339613465363633326436353730363965323635
37643938376536303036343432313533633263393234326435376363376539393831366631303633
32343235386165353433666131613639306164323830333434646436383461303533623337336433
39666639616234656239373965623464393863666336663061646239383334343937313034653532
62386439353466343465336661336433396634323163356130363936373831613031313031323032
64353030653530363864653233333066353131656533633433313064666165633764303661383639
36373631316535366461666262653561353231663931323465656133346637343138643161363565
31353830363863636434636339383530333238626665333464343562633731386237393664653737
64666434653766376366396162633136336566656135363234626262376665336361363938306364
61373130623435636364336130613532303566623766626164333162353239636366646265663965
35363866653734336366356439363931313537326666356264363737343933626635353635326636
62616230643463613836626532626337316632343964383639666438356161616361656633383964
62373530366436303166373166393131396334306538326530366332303163393837306631633961
38613365666635653464313639383562303964656462353665323830363834393439643566306464
64323530313533353862343764653436396337316532633063326134333666383431613134333330
35646330333261396231373736356164343438346539663735386539393832643935643761643366
63373230613964643561383730343962363437393834666362646136666238346236343635376332
39363466303437383336633763623238623637313263333766363939396634306634383465633935
62386638633562373630343136323232383038626334616339383566646636386166343436663136
32613337313433613865646637353733633339313131306566646431323063666532343662343862
65613963373037383862326261343833656435656239353861396133643735323063313131333430
66313732373738646166346136376163623536316137656262623533646437373235393863393266
63396166636662353661343832653135643162623035343533383932323466663232636639363330
64386535343064383465653362363438613031356235386230643961336131393230633063636335
36666637353430383865343661666133313633326339636135343664306334336338373664616335
32353361373237656263303465393766616332353538646265323864333965636234663032316264
66383932313938323065653261643736653436346465303135663963613161393162383038303863
65323632393033666535643166646566323962313933386637313532323032616435623232653237
63633639626335346564643536653465383638656561626430323164363964353837373335663132
66303361343132343734666132666266336261393162333462396237373736333031306131666134
32643164623266633762326139653531613362353338383537383163653235333638643261316565
64653064666331306233386665393133303365613666623838366465663361613837353930346164
31343164663836616138303931396636343432323332646137333836383530303663323836656363
33313065633636373361306635376164633561303533333063363138393337333232386438326663
35363436336332313036376438383461306164623433383865633366346161343464336638643830
66316539383263313037346133333864663830373062373738646535386339623661383831656534
61326162386434313463326530616463623666623631316135333361633266663337373062616134
33663663306333633462313661396564306536363736373361383263613537656133353537623833
66663663633736353339613966353566346330313437323066303633613363653965623632306266
30616466643033633461653635666135383165656433333132666538326337393832636537306462
35343766646364636166343131383461616464616263346562316439316666396131343935316134
61333864653361633766313137313433303933303635353533666461316664613538663435663038
39383631393132313064366266333038303965373463633633313966336464393432383735343061
37313761626530633833376437393936643763356434333765366236343136653032306435663764
35333734623337393539356235323963323762343231643937373734343365363665656432383038
66396333376336356134616266316633626639386465313466313263323934663561636231373061
34343239636637616532303833303764626637623664616238626538386265393564313835386337
31313661353732646431373430306137333264653263613530616639653339656230316362303235
63316361336661646462613034376434336461373764323264386338386266393733323233353139
38333334623964356464333937313762366138303230353261383532303230633831313264636439
63393933343366613739383432623731643833653336346630356663393037323635623664653538
61646562363335343236653966363962373363623462333863626534323533663165623636346665
39363836386133333966396361303737363437316665646166663330393432313431383132343639
34393230646530376331633730616463373238623136393866303833393361356230306639363662
63323738626161346363323131623061613434653339383561373261373964363631613833316563
31643365363265363632316531663663626530656132363934613766323132643161343733663138
36356137366630363865363533633438616461623861653233653362333032316638623231333464
36633065346233366666653539646163623835643838663861373531613830336464633463613362
65626535633132393366633462633263646263616437636565666338386566383734306133343363
32626465643737323435356236663463373132346465396639613932663532396538393734633032
62656533383932323437393863383631326437636665326538343433313965643766373065323932
62636438633066636132616536646232653165613936643330613366663965323634346231346534
32303565646637336531336661386335343666313565373635363735386638636439316462643138
38343130643961323832633336616433346639653762636433333430363637643265383961356432
38386362656439656466646233636137306633353937353437323039643664376662346532393236
37626233303432356165363534383838303433636137626139373934313834643734393635636530
37626463643139663138323661383962313133343032616330363766366361643163356335313439
33366331306536313837666566386463383364373733613330666530346434386534643164343633
34623265396439393664303363313830306236623162323037633234666265303134353438643835
31633231353730613730373536353437366338393138313430353639626132633434663032653763
62653135666134653635313962616263353635633965636366633136646134333536653363636534
61333361313036366666323137373439343430353035666435376564623865343036633635396531
36316265626534613965343662343736336261386438383539626333663632323337626366656132
33613534636234646365316465313065383836386635306638326465363035336637386237393833
33373862353364626665636362316239343864356662396339373439616261323338666537633830
66306438343766643535396665626665383130616161363931363730316664323633636533613365
64383337333031383036636237313262353938363366363864643934613137646230393936626461
31376362306236313437633062376232613464333164613561326265616164613265633039396263
38613836343034663563613134383939333032356361356463613432653061643032356339663765
61623233626562343466343936353566626665306264306465323065303161653461353832386133
61613162626665363838633665393866646563663234306464343465333133333134323739396136
35323764383931623833663561306434353730613262626661666531646565316566356266353536
34353839643531393731363164316634393039383733623163663465613633383832333030626661
32313163646265306365396136303533646162396132306266633532613934333633393934313737
30613130633535326365666466613137366334313461316438653233366362316635333965393133
64303165616639356535663537393532383533306332653733316436393564353137306266623230
37386165333033633335353330393764366638323032663761316463373535633361353234656265
34323435383234643039616637613165356134343863396239653165363264386638366261616136
65613136653863396539313330303333626534376363616165653830646562666563323734383265
63386131656364303532343331363930383031383732616138336163306330376561313565646239
33663539393561386332313330326136333836373039663835383436666163656465363565656631
36366639333162663035653034326331383230333562616631643037313333333930386562396431
64346337356530653937303432643561323866333338633339363434363462613761353963363835
36333038326431313564613438356234633437656563373161373462346635393830303364353335
63366130353836376265333135316339373331313762313236323633343365663031316564333136
66646265373939336133303363373232386639383563643730663961343865616464643935306236
35306461633433646162383736623262623966643739363034336430363439616663336637316238
39356636383137636532626434653738323963363333303435363837626130343737333862636339
30306239356565303037643636336266363332646133366266313330333461373063613762353338
65646163626266623637313763343735303835306364613531373038623435636161366334656564
38623031613435323864633134396533326266396664363030306134313631316162356336613866
63376666313235613362626438336531663134643163646335623932363735626534636261353933
38353862366431623036616438373266386534613061613465633461356566613066333363336233
38333534343933326431333434373335306436636265353563323530393863396332383736666236
34646534663230393062306231326436383235353434363465643464353930666534356466376266
61646234616465376430626161386431336530356433363530323165616336383861373938663839
38303865303136613034396534663966326263656263353232366631636130636663613435383734
63613430646531326635356137353237393537626134623066393933636330373933666164653866
37656534396162653533396234633732636534363661383865313431613236613332363731646166
63623334373762396535336239633938616430616433386565396630353430646163633831663535
66366461656365373563393835346330613730613635373432343931366335616630663838656261
34346339396365343633653037343638313632336239393934643036376631363437646638333730
30666134653439323336626531363763346266393839653738356564653131653830373737306362
66336565666134363261343932623033393566653637393030613861653964393733333836656161
61313730303638306231643638333837346265616138383863393064646132313333353663626438
63643562393531623764323866616365303134353835643236376339643633653933633830336263
36336430303265396136313937353366313139393334316439623662356462353535366635333233
34623066633235306166613862623138653064376137303830653962336132346334363466633832
66326238346430376266656533633035663063353834313264326537326339306131333161343433
38393564653064373035363266313432616331386232323638636439336161383332363566316231
32653130633734336563313163663539663437396634376364353133336538323435643130346265
30663334663966363362313333333962353064333939333265626231323162323234633237653531
31323133666132646130306436316361393937663165643833666230326265323131336163326639
35303061393634613939316462336137336138313165306433346338616337333332383133623038
33636162636634353765666361383633336133303864333935353963313465363731336434336463
65323336356333323464633736343265323462646534303532316230366332313839663266303864
38643334623138396365663463346535343931623663626431343964333132346332666638613134
30396462373630636335646330393134346336613263653338306164643736376663393663393766
35333963363939393932353434306137646238633839373736316333613962353232386161306664
61623232376266326233396435393032633265636434646534393938373661396132626437353133
35623732333763653437623661393137356539653933363434356564313462393561653238356566
65336561653163373161613730393137656261376430373763333563633766386338636535323264
32633765353834613534646130343963356566663565313134316461643162363333356635306265
61303638333838323637366339363466353036303437313864633763633533646166643535333866
33633964653066383839336231656434653761353133613761366432666136363037313864653139
37396666393733323333303038383065663639326666653135356338646562306335363162366362
62353537306466646139326362343065353033643064663861613363336334613066346565636666
30613838613139616430306137306636396639313030643131353633306561643530363365353061
66383233623735336333636464366234363239643431333939356135383334666334653965333662
37623537616666376239316131643730333163373065653332323537356630306232623165613164
30613638363835373838616136623339633334613830646437303066366234343932396435626433
66373935333661353932356137633937333838313766393938346366316566383430646334393230
33633066323437376362616136326534636434343163636161643039643065356438653061393261
65643764333665636132663239653931353064376235386635643162376466626230316561393534
30636632303435383037613166326564353037303637613731646561653232633938336439623338
30633362363634353533313636323738313761633931336135656436393631323936383763633863
64343333353065633564326164666532666531353939346366393961303164333339643439643030
64633536373739643731636462636139646163633536313666653733663033373238326564383533
62616230373836653561653332373264613435643535653839343137383966646130323136346339
61663066353236353965373935663231303536343135616636633936623834636263336337363965
63646535356335303535383963313432383233626135306164323164613362616231386535663336
38363537363538666438393331313639363431303362653264333336386235323065346566363539
64633161653636333636376134333230396434636130306632623566366565386364303661653139
62393034323134383231353764343837653130386239376361386439373239323131396531363466
38623438646335306230616539346161636634393538346366343235303436636164366536663166
38396337386537333531613463393138346463323037343838643765323634643465323832316238
34356539393263343866646538373036643165303437383765616631373966336130326466656339
63656666616439393838313332356338623361633635343834656562353962393636373861366431
35636330326231366338386636636362653465313230616132623538313664316266363461376232
64623463636365383730666439663166386261393863653763636334356238336466383764303361
32396266303066363835636365373761333730303037636533353963363232376365393532353039
39653130656461633734626632626562636231666534336432616564383861376136343031633534
30363862353139356465376565666534653332326531373335316631666138333436393635646333
39346261366161313634336162666339613662633934313533653963636535386330653162313062
37316565316137353432383339373338363463383736393935656237313438313463346362353339
33633031383633363035633239633564343962363636373431643339303236353433636330643838
61633637376132386463653933643831376333363763366666376332636638336365303931383934
61373662313666386130353237323332383165386135346531636165623837333766623163393631
62643061303765333433613462343030383430626536366264633066663031613365636330373531
38306163613033643530363537666137656337323337353362333633633139643837363938386164
37653465376463643133363735373731383730653838313732623433393331656463663766616466
64333833343630323964343464653837326163663436616630623131363362353431636339613038
31323638393366316661306462316562656338383336366233316336363131396639383935396430
30363565373436643465613639366435623634613236383434376331656639636165316466643430
36623336366431653932323763353139653861636463393164346237643566343466613937653239
37323032383631633638396338663934333162653436383736363032353965333534323230313631
65396633303337313463636363303738303932336438393535623864666533326134353266666238
64303431633564656466323931656438323361613633353134373239386164636465373361613563
39653234633833613766633931653937626461626236366133613163663264623631643032626434
62633865633661356364303364356462643038393438316266353338633738363465373466376334
64316433653639356134616431333737363439643233303033386437643339383832653061633333
35346161306534653765353164353930313630363266393934363034633932643466623735346136
33663633666537636465633561643237356565396335353565643836626334616537393064323265
36333933313831336334643836623266663332303965316561616339393065643831393330663864
65343131313438353538363666313338336464663465653736356336316430633437623634373736
62353636613566663532376365313065343762383237646432326363613865383466376561643036
39343531343733346538373537396162353439316630653830393730613964326133326533373530
30393637356230633230373664626238323932656632653037306434383836363065306366383838
64383563633061623265326263313332303963633931306164393635353435373165343834613238
37353166396462653231633030376134623133396265643132643861363165646262663665343634
30353836363734353239313939366235653063336634383030356365613532356134623435393237
66366435353539366263616538333333656631646332343739346430326665306362353738663864
62663661633137343630323032333834646237656161633633366430663934363965326361653764
39646536346130333235643262633639363365623361326632366638353462353234363632333834
34303430363430326666643362623330383938346465633861383937656330626633393939633461
39333831313164663631313035343638353032656434613137373266663063613865396239383638
63376163356234386466646337363930363632353131333566396562616464626538386164303130
37633838613061396564363463363262336432373261633765326339383961373333636165316262
63373738343732363437343239383266623834303632303863623235366438373535343634336162
34653332373633666235313965323931633936373531353138356332316365313830663666623333
62646235346565323831306136616261636230353330623166306461313732373339343362386535
38393534646332326631333531363332313830623466653633343539383966656338366639393165
38656536396636616136366431333133343836336136333962356563366530653036666337323136
33626237336665353339303731323266626466336537323566633039376436613033613830386464
30373865616333346634376536653537363866316161336335313435643361373832346634316463
34663534313266356433333965336334356566376336616138633730326365393864653432343337
63333061366531306639376638646363623661343262633162313066646136626664353863643734
34346539306236633662333364343638316533313834313938336363306238653166643063383930
64373039386635653932343465333436643064313666623432393961333331336661346235343165
34663764343764623834323231396231643830376135303736383065373363626232653536303432
61623830636564653333343262356266353235303733656435656334653136303135626661336531
64306233316437363332353662353932333734363531396633396565373437623631373562663035
37323566666537626464326234663932656133343530396462623730316162336134656163393534
30316265363532396161303765346164636362313366343432626464373533356233643332316164
34633865353961373161623230383631303435613866313934326532613865623831326265353535
62336536356562363836646261356137346133386431653864373136393832656266363538616135
33643630323330396137643136616135386364303038383763353834653065353939323431643733
65303464623532653134313766616331643863346262386362653731643366303363386434373661
30313138316430326162313464323566666239333536613264616437333664656462306532356132
32373937643461326634616637616133316666333737393539633736376666633133343437643666
66303133333064663936626661343636376263346661623265393466393936613339353539316430
66643438323330383031643635336139663638363964613163393130386438306534633862343065
66646133323831383136303831363866663364633739393638393232323962636434356630626536
31386632396564646538613238613438323166653462356436323637343639366531303561343838
65623364636137386435616236646664616236636361313937323832323561656366306261393966
65393937633438366364326366306532653361633234383937396365666565633334636237626464
37366164373663376538633061643937633430323262356236613630363438343463363132616661
35343565393836356534363433626232353764316462373333336265636537303436306462313939
61393166373330353637393031393739373831613539663937326662363861663164666536613739
64356337326433663736633938343632343234383562663964303236393833636536366439376136
66313964626339326131383161626435646632623265336431393931663630613239656137363964
37323563396538386561383239356137643564303563383936343132376134343630653064353632
33333331356463646631323137363339663061306330316237393830616330646336633137306566
32623330653463623435386163333664376332333239643436333039303437633231646234626362
62363437613139356531353438396431373032656434636361363865386633666235653733626234
35326430326235643961653937656534333433663039363739353838616431616663303766326662
63373530333537613836343937373964336533623365663132323461393238356362623964393833
35373134643664366537353334306462666238643633376333363830343161346533396235323636
64656232653662633763663534623034353035393435656630626365346331323365393366616138
36303866356239316566353862613435386538363339613238393431313735353062306132323832
30333937373335656162666163396331623039633730656432316438653664303364376164636538
33383661643139313361353232363065373330313165633164346634363833386235623030303236
35303534346435623961626635326534373834313566636130366364616261613463363263333433
63363962366635363165613335623739366361373134343130393932613666316438633139343730
38343233613065323336633263653833366332343362303862373730313463623264343435366139
66346232366535366263333862666363336463663563666437313463363466326462613930666336
33663865316636656462396138363933363964613564306534393039323361313862303436363636
37653464363636653066623931333066393936336630323835663566376361303464656132343131
32336364353363613638363337396334386531343866326533616531343734353961623165656566
33386165643834316137613138303562323762666665353335393838636663613563663338633233
35363639373032316630626238383364626133356531656433343131313830356365376663666334
64333966313232343963386462373337646131613330393535363862303663383636326132663366
37353836613938656138383163363231346137386639376239396664663732343433306666633736
66396135623039633637353233616132656335653665353966343937363232373333336135633732
66386364646663346336633535363636383335353838333135666265656239326439306234633734
38613835643962613864633061383161616535383965616531306564616161306139613132653661
34356636653630653162333336653232633566646437663662626435353132323235653961623230
36663065333734376262306334326538316136343339393666623231663664613939353938383264
64643737613863653533386463343965343664303331343836303764303436336362396438353263
35396363336134326566376337346663303836366564376161623763393931666334656466383062
66316264393065363262656130303435653934373131613432356534653661303765373335633464
39643339333933616364616133623738356632666232393131396437636433616335643730313833
62333462366338353230636364366139653132383166373765633039333866313333656664333033
63333366656137653534646266383139316534626438346335363539373464363764653861346331
33316139363965393061653733633562303135613164333236663439616539363863396434353662
36343630666466613638653230376132633864336166666563636635373466323430393831663762
34636635643536326163356635336464313164633939343638633462373161326561663537633437
31643763343831303332656631336634623436323538323036663865353536316662323232363433
34306437303932336264383434343639636661353664393531393962313061663037363235336262
63613136313965383764656634326261333736303561383066393032373661306166386132646566
36653233313661393262623632303361356465393230653131386464363962366436383162343132
66326330656438303439373966616465313262323762396238333661646165353035393338303438
61646536326335333339653130306362656638353434643266623837393261626433653031666531
37646530316634326462386238393161376265636364316362373933353733363765343434323932
63303266623832323230653530663730663830343335376432363966333032353837326237666161
33353434373237626663393265343966353863636130393064356538376538353430666334326365
30306661343163303230306535373631386565316365616331356538643938353139393834353331
38346134356430323536306234663963653935363436343962326636306663316264316437346161
64626562323363376664636665636663396565303463316332366161326563376430663934303131
39623762643664616538366339303265353561663837393136326664386639616165326132353562
31663036643636376363376364366461323931643236306666343265656237633266653064643139
30613861666433643535386338333366326238343165363666336463396136353237646630653431
36353939303866353437653262623064666235356637306230613838306632356232653233316564
66306431316239616366303461346665613032343034646630343837303835663334316135336663
32613364333633303936396238376138396532633735323161326463326331383965363138616437
34623932623366376262326665383237643639366364356436346133646665613066306562363737
64643163653330336661393734343839393934333264313731656661356364343434376630663864
65373462386137386235633365663539333338323261343565626132316532616430306630366162
34353833336436333239323037623231303031333735663166653734626338636262376364383634
38346665303062376664343833663565303030333236326463373839623637396366383934373835
61663664383536663738323837343966313430646366373533303538313435663638386136376262
35666563363365343861663461666563663732386564303561333837373466393232373832366235
32633333623335623036333663343863343638663637653666346134623666396631663333653733
35363336623262346362646234616664343833663261346564666264663935633532613936343066
37313430613038383466626235363665373438316239393663353862343137353261336239306563
63366265326330313863613661613031393131313336326165663730343436393138306665636230
39326165303766656366383865353739636239646165316661666165626265383730333866353266
65646139363661303361623761356139323739366638333633643637393563653538623333646435
34333236383232356333623036343164373363363936326534643030643834316563646165353630
31663633376334643563666462346331643263333031626362353935623636386365323535313833
30346436333635613130636539313564646461616561376532623236323836373064343266333066
38326231326563363236316235376333636639376335306630363937643566333337633738313337
31316165353230613765336430653532386664353037306262616234396461646165623365323738
64313662343861383361663533373165663337656632333863626236393731656365303265303161
39323236363034363131393030343538303563363736386433386339646334346230373438353533
61393365333238376539663962333863616538313761303334356136373133336561663465643233
36313132643537656533396439306335623861663837653230396436306166393062306664313265
33626566303535353331356265353432306438656266393363333763643132323965326532346265
32386136316437326263633639373265356262376434323164366130643039356131653864313264
35356262336635326431663730346661333364616133393639363335313839336633333261366438
64393631303632343037663138643533643863366639636264613132343730353066363438666537
65363562343832356232393761626463613134346637623962396565386537626338386236616134
63376131663165613531663735393466633539363136613638343432383930653832346664363235
63386662386263666230623334653364363137366265663261613231626432623037363866306236
32363464613336303830663866626231613731343363376438303162356166643239633531626630
36313335623864336237653339633534373030393763343061383232653361643935356634343038
32636432323362613833643838626530333863303236636532393433663762646438613533343561
39303838303939613232313232333363613763313537633633396536303835316437343736306231
63386561643537366331313239613232323233333533393934393836333865326338376638343434
63376635393836353065386533393131306134663239613764643062316337373563616637373731
66316135366465626430336532326135356437373139346264313533623638326139323364373866
30383431313961313037353265613866636334663632663235616138323634343866313033326632
66306139393235326262336637373935376564383235316637623834353066383839623964646161
64613439656536303962633432363464376134396264383033333361306462616663353064636233
35353834656637613635393239326233666264396330663230643066373335333564363138636332
39623337336432373432613436393033326330396333303061343136336361633637313934663635
61633136633166363039343438656263336335306133373237616137363634653330306139616633
30376662343138623734666330353765623234366133633666333363366537376665333661333232
36323234393134613363336562346262366463313938326563663633383863636531623038616461
37306438333962393235346165306266323835353135366336633863306539363562653733333239
36363334353461386466643265333863316631313562366264303962633736336339613063373764
35653766663366373631333664353738663638343236306664383234373562346464623863363230
34303137343239633231653139323139316666386461336337646639656661326436353533626366
32646261616636626530623634346237626635366138643766346634313966663132303865633631
65336239643131336436376334343364303262616561633164316137366134646264363435343531
32333934366265393666306165613636333363313739373962643834633531626432323739633138
32323762363033303161356563663164663163616631383563326335376532343835333433653161
39326234366438373138306361343430623566306232346135646332633335323936313466633538
37623566626238316438323134366231383335393463376435396237356163616235306635303336
65613538306161333931643763303439343565313461623461396431613430656330333235383939
37373032626263333030393631363463333031643833326432633033656638303330646161393739
31643638653565633031383931396332303935386533633932613437373539353537346335386332
33356165366364353665656337396466366161333666313131383836376666396563316533373262
64653537393236386139616235313635393531633561616262386634316633386361396238643664
66303962626463316263616430346265636438666630643162633931646535656563633431343165
61393032353734633837646233636633633364393664613135626165643064313730336334663661
30383961313035343731303239393566616438376564613831393835336632666135306237633338
63646431373932386264383534313834316336353336613639636537343736616335626665326239
39646132316462373365666135626565633936653866613762646231363663376231343633626231
63623966396433646339366131653463383339613433663634653739353262646435343532613437
64333066636431396339633635383039633766613432376461363033653638363432303164396338
35626362663865323131376137353561663766356363366130323431393038336631323662643230
65396465303461313862343363396565616239326333616337303238386332343734363333376361
61343761656266373762653739333534626131396235333536643662653264663637393539373337
32643439633333636164393532656539376434616166306138343734383438363063393638313664
34376534663434386239373333623333313530653834386234333935373635353530343935613463
62646264333863623832313461643839613464353161316464366131393631663465326236306631
39646634613765333834383538323230386433626130303534663264353737356165633635343837
39316239653036303563333265636438653531383732306539323235666332303066623837633930
65343731343331643865626663316131333231663138616664356237653065333632653331656231
61343061383061643465636238373330623537353339383237646164666130303765336362666262
39393765626466333233643138393265393639333933333866376135666636633731346239313631
61336630346637636335626162613764316335363565323033333734396431383734643166663332
65333966313933393539363763666662333263343962356264366266393564383132376662653139
65383463363364373931303235303034623134653865383933643963613437343465353935323564
61376330333463366338613932326464633164313634376237326132653134613336666238393461
34313133356362373231326138346566363932616266646431306663396336326365653263333237
34313434313264343462373261633137336134623265306465316462373032336266646466656664
34373266626531353462306535356332623732346338663033393534653739643763386431353564
63663833373536393462333332643861303663373666323038633833346231376262663538666462
66623366326566373765303130616434636439666463356362646338306562396434373234646636
30396335626463313163613234636366313764373437396533663238316464626232633537316338
32333333646131666632333835366338323265646631623539393731653439373961653330663038
35363235653061336234633232313736363230366264633037616264313534656536326365363931
65663263623364626462643633396530626632646332666664373530656430323837316266643464
63613537396337616366663833363461353762343165313037353561343462313436653330643832
65393839386134623063653135623930306465643463343562353463356330316162633034316163
36643336653631313632333565393761333366663162666662393839616661656231343665396462
36663234623439656665316264316463333435366662316633336632393137613966643234323462
63373936633465366665666332303663333633356339313033643933306163313264616338393334
32633461373665346666336130616535393433366230363338356230666232663234336665323330
30343230323062373763633964633836356432326235636665343739373565393635616230373937
61366532653330373365623064396531306264366536373261343530373561346461323535663761
35346436646639376534373638323533656164393338663737646166646263643030633063303133
65313265306636653862613335343338656336643032396263636239396432333962383664323361
31343065376635383834
