$ANSIBLE_VAULT;1.1;AES256
38623330643331393766396664366538613931333338303366623762323036323737333135343133
3538346339383638633562663037366638373832666537350a656532666162323635306132313434
35626238393663656533666561306636323465623165663939396534393664613331303866343032
3831376331363239320a653033343232303866323363303766383061623866356663663930643739
38343461353363373361623534356232356264636533666532316135646563643635636261363936
66356633393131383137636633393439373263363961666534366131653962343261363030306532
38343964663739386439656636346533363234633331303165323638653466306263343837616633
61643239663334633335663135346339393766616235323334663062653865303238316661613561
36386263353433353537356236396565376131353932313638303037373766633866326430623831
63326538323234326663633266656531666336643361373037386235346461363034353865303138
65306131316532646163326362373237313833323139626465383536336362646133613264363865
36633861666537643633333839393233353439646137366237373339323935613036356166663062
39636466656332646365643664656336313331613135333036613032363861313535653766333134
62643338396639616338646636376364636265373236313434636362353935663531383262333265
39623037633964353532363463666232643135396363396464376266313236343663646434383364
30306161616262633835366363303663346465336235326137333865323235336261316533663836
37366165346165386333653536636138393164363163653061343734336137353230616366616538
64636635313966396439333033353435643736623536333330616261616534623030626536613664
65356233313538346164303936653936333965386363306432656138626133303334343561303539
35373430346661656238643965616331643335303165643334393339623436363632663430393164
61623866303565343338623536643765653330323765633131373064333464613637613938616434
38653264393563373364626332633861333065336431316364653735616161346261616234646336
34363737366534326161383933323165386134653539383630626235303833623835333234666361
33626531303666303866
