$ANSIBLE_VAULT;1.1;AES256
62376234383737323562623161363730656462323539373431383563356233343262646663346638
3932383637666638363234326436666536323661353166330a656230373266616138326433346466
37306638396362623064303939306230636536623631323162346634663934666263363137646262
6462393466316539620a366437343031326366353632343033643362333738623738616564646632
30646564633861633865356364323432353661343139386535363238376566343963336163343531
39393564393832656337323633646637613138373735313032643666636236613434376435646535
33643335393163656166633362333533656365653035643836663265376233356539373437306665
35643262343634646636396331353532623536616238343738313363656166323833316263313632
66616566333436346365643631626665326436613533633234356132633731313161663266303064
39313933336436633531336238666130616636353164343232366632393536396438383665653865
64363765313038376663316264613339653039373863643730626135663934376234386166373863
35646561343036396665
